# XS file

EWK: 0.12780024400400006

QCD_t0:  2.5990421349999977

QCD_t1: 6.3192549817999994

QCD_t2: 36.483514220000004

W+Jets: 1010.2